(i3,a12)
(a7,4x,a7,2x,a7,2x,a2,4x,a2,4x,a3,a3,6(a4,2x),a4)
14         10                                                                            
14         13       12       F                 0     0     0     0     0     27    0     
13                           M                 0     0     0     0     0     64    0     
5          7        8        M                 0     0     0     0     0     64   0     
12         5        4        F           1/2   59    0     0     0     0     64    0     
15         7        8        F                 0     0     0     0     0     0     0     
2                            F                 67    0     0     0     0     0     70    
10         5        4        F           1/2   55    0     0     0     0     73    0     
11         5        4        F           1/1   45    0     0     0     0     65    0     
1                            M                 0     0     0     0     0     0     77    
9          5        4        F                 0     0     0     0     0     62    0     
4          1        2        F                 0     0     0     89    0     102   89    
3          1        2        M                 0     0     0     78    0     97    78    
7                            M                 0     0     0     0     0     0     73    
8                            F                 0     0     0     0     0     0     55 
1         10 
10                           F           1/2   55    0     0     0     0     73    0      
