(i2,a12)
(a7,4x,a7,2x,a7,2x,a2,4x,a2,4x,7(a4,2x),a4)
42    76742-05
1          2        12       M           1/2   0     0     0     34    0     0     38
2          3        20       F                 0     0     0     0     0     50    0
3                            F                 0     0     0     0     0     0     96
4                            F                 0     0     0     0     0     91    0
5                            M                 0     0     0     0     0     0     90
6          2        12       M           1/2   0     0     0     34    0     36    0
7          21       1        M                 0     0     0     0     0     0     10
8          21       1        M           1/2   0     0     0     14    0     14    0
9          100      6        F           1/2   0     0     0     0     0     0     2
10         100      6        F           1/2   0     0     0     0     0     8     0
11         100      6        F           1/2   0     0     0     0     0     0     6
12         4        5        M                 0     0     0     30    0     30    0
13         2        19       M                 0     0     0     0     0     0     28
14         2        19       F                 0     0     0     0     0     26    0
15         4        5        F                 0     0     0     0     0     0     43
16         4        5        F                 0     0     0     0     0     43    0
17         4        5        F                 0     0     0     0     0     0     54
18         4        5        F                 0     0     0     0     0     0     0
19                           M                 0     0     0     0     0     0     50
20                           M                 0     0     0     0     0     46    0
21         22       101      F           1/2   0     0     0     0     0     0     39
22                           F           1/2   0     0     0     0     0     59    0
23                           F           1/2   0     0     0     0     0     0     31
24                           M           1/2   0     0     0     0     0     31    0
25         3        20       M                 40    0     0     0     0     0     59
26         3        20       M                 0     0     0     0     0     59    0
27         3        20       F                 0     0     0     0     0     0     66
28         102      26       M                 0     0     0     0     0     39    0
29         102      26       F                 0     0     0     0     0     0     39
30         103      25       M                 28    0     25    0     0     39    0
31         103      25       F                 0     0     0     0     0     0     39
32         103      25       F                 0     0     0     0     0     39    0
33         27       104      F                 0     0     0     0     0     0     47
34         17       105      M                 0     0     0     0     0     35    0
35         17       105      F                 0     0     0     0     0     0     35
36         17       105      F                 0     0     0     0     0     35    0
100                          F                 0     0     0     0     0     37    0
101                          M                 0     0     0     0     0     0     59
102                          F                 0     0     0     0     0     59    0
103                          F                 0     0     0     0     0     0     59
104                          M                 0     0     0     0     0     67    0
105                          M                 0     0     0     0     0     0     55
